4.167347299514785868e-04 7.737809374999971013e-01 1.883411062259984884e-05 1.058595931608553712e-04
3.054191475680595897e-05 0.000000000000000000e+00 1.011911383871189586e-06 7.708637468496585082e-06
2.648421529074802309e-06 0.000000000000000000e+00 6.090248962592298896e-08 2.557975063308720928e-07
2.322459160845265166e-07 0.000000000000000000e+00 3.203807760427112096e-08 4.430653350364004996e-10
4.761160053238255884e-04 8.145062499999975447e-01 0.000000000000000000e+00 1.748661564519014041e-04
0.000000000000000000e+00 0.000000000000000000e+00 0.000000000000000000e+00 0.000000000000000000e+00
0.000000000000000000e+00 0.000000000000000000e+00 0.000000000000000000e+00 0.000000000000000000e+00
0.000000000000000000e+00 0.000000000000000000e+00 0.000000000000000000e+00 0.000000000000000000e+00
4.935716457886187014e-04 0.000000000000000000e+00 8.573749999999979998e-01 3.357325573033514065e-05
8.145062500000001775e-06 9.024999999999985256e-01 9.025000000000001988e-04 0.000000000000000000e+00
0.000000000000000000e+00 9.500000000000001499e-03 0.000000000000000000e+00 0.000000000000000000e+00
0.000000000000000000e+00 0.000000000000000000e+00 0.000000000000000000e+00 0.000000000000000000e+00
0.000000000000000000e+00 0.000000000000000000e+00 0.000000000000000000e+00 0.000000000000000000e+00
0.000000000000000000e+00 0.000000000000000000e+00 9.499999999999990674e-01 0.000000000000000000e+00
0.000000000000000000e+00 0.000000000000000000e+00 9.999999999999995559e-01 0.000000000000000000e+00
0.000000000000000000e+00 0.000000000000000000e+00 0.000000000000000000e+00 0.000000000000000000e+00
